10
25
6 1 1 2 1 3 1 1 2 2 2 1 3
3 4 1 4 2 5 2
4 6 1 7 1 8 1 6 2
3 9 1 8 2 9 2
3 10 2 9 3 10 3
4 2 3 3 3 4 3 3 4
3 5 3 6 3 5 4
3 7 3 8 3 7 4
4 8 4 9 4 10 4 9 5
4 2 4 1 5 2 5 1 6
3 3 5 4 5 5 5
2 2 6 3 6
4 6 5 5 6 6 6 6 7
2 7 5 8 5
3 8 6 9 6 9 7 
3 10 6 10 7 10 8 
4 2 7 1 8 2 8 1 9
4 3 7 4 7 5 7 3 8
3 7 7 7 8 7 9
3 5 8 4 9 5 9
3 6 8 6 9 6 10
4 8 8 9 8 8 9 8 10
4 2 9 3 9 1 10 2 10
3 9 9 10 9 9 10
2 4 10 5 10
....<....v
..^...>...
..........
^..v.^....
.........v
...<..<...
>......v..
...<......
..........
..>...>..^
